003999
002637
003051
003614
001165
007205
003269
006940
001596
002225
003635
002863
006168
003750
006650
003907
006141
003507
004241
000907
000610
000594
003182
000875
000837
002937
005352
000599
006213
002680
006599
001979
003282
007025
006811
003994
003690
002391
004969
006606
003084
005205
003046
000936
006417
004675
005549
001847
007402
002206
002550
003522
004128
000922
006965
002820
002989
004819
006919
001840
003953
002151
004701
005796
001922
006008
000964
003250
000607
004971
003005
007108
006285
002986
002915
002722
002368
004734
004503
003430
004010
002014
004583
007443
003856
001765
004869
003104
000331
004780
000570
000434
002579
004330
001802
006279
004559
003976
002662
000449
002779
006466
006396
005665
002715
003170
004159
007221
004897
007445
007176
006712
002406
005249
000413
006252
005918
007013
005769
006793
005870
003734
001207
005218
007032
006080
004564
005903
004480
004597
005632
002421
004233
002625
003428
007455
005773
000427
004961
002638
001742
000819
002556
003419
003955
005326
000045
000179
000783
000908
006590
004933
003208
006306
002931
001040
002972
004505
005075
003302
000463
005286
005625
000776
004967
003873
006092
002088
003487
001171
001412
001083
004791
000931
004985
002785
003505
004285
002177
003888
001575
002601
001489
001145
006844
001227
004616
005063
005394
005553
003613
000664
007433
004884
001615
007367
001614
003792
006777
001924
000309
000299
002690
007378
000028
002613
001786
005568
006787
004894
002146
004536
001022
002096
006376
005967
002913
000894
006734
006270
006513
004688
003436
002431
004278
000064
002189
002924
001025
006897
003358
006468
006856
004747
003111
001990
002976
001309
001664
003374
003297
004926
005248
004483
005327
004329
003142
001895
004044
004324
002260
004138
000492
004658
004091
001930
000700
003632
004928
004876
005150
006094
005787
002961
006456
001393
001204
001776
003555
007000
001301
003278
003889
006367
000796
005303
000163
003484
000467
004099
006820
000777
002112
006228
007328
005865
005691
003616
006049
004453
002105
003050
003434
001951
002149
003151
004105
003246
002160
006046
004106
003280
003452
004899
000368
007476
001581
001394
002684
003637
005066
001552
006720
005346
000335
003499
004709
007266
000327
000484
000397
001293
006759
004216
006314
004393
000620
003438
001855
003333
002156
005314
005362
005878
003311
004353
005024
000388
000642
002187
000633
006645
003931
000244
003891
006621
001773
007360
004381
005610
000329
000206
002815
000598
001245
005860
001837
002482
005206
005196
002554
004286
001801
001647
003143
007435
005105
000744
004113
002041
005337
005872
002384
005521
002253
001725
002444
007375
001400
005429
000882
006833
007421
004327
004902
004727
003355
005441
007404
001649
002633
007126
001461
002855
003736
003558
003112
000758
005338
003572
001747
004450
006117
005835
005633
000957
005419
007400
007463
004743
007062
004469
003275
005167
006161
002075
006614
000988
005934
005644
005204
006638
004868
002813
003749
005319
000261
006057
001246
003044
002223
000128
000332
002783
002334
003753
004925
005146
003294
006292
006959
006715
003660
002416
002340
002928
006393
006044
000055
002025
004563
005707
003141
004846
001879
005486
003530
003449
003391
007204
001192
003204
006348
002191
006445
002491
004427
002233
000320
006538
004624
006822
003778
007450
001853
006207
006503
006464
003488
005706
001910
000924
001562
002256
004002
001857
001894
001753
005010
000216
001249
001463
004856
004652
006539
003376
000797
007440
004305
004762
006203
001241
001602
006030
002868
005991
002754
005643
002465
003602
004164
004576
001074
004582
000477
005046
006182
006233
002194
001101
002999
002499
006467
001962
004145
002709
005607
002008
003754
003886
004851
002376
006187
004663
004430
005901
007340
003812
007436
006227
006968
005262
002941
002807
004321
000967
000124
001093
002219
001398
002314
000480
007209
001627
005289
006128
001321
006923
001961
004385
006665
006388
003100
007414
001410
002614
006068
007155
000659
006668
006729
005483
001807
000364
004898
001533
003023
002305
007383
005861
005211
003228
005758
003435
001905
006888
003502
004993
003252
000234
005570
000842
004230
006532
005142
002145
001051
005332
003233
001265
004132
007084
000865
001203
000695
006256
006864
000593
001434
000149
006894
001749
000511
005091
000262
003222
005288
005097
001822
006268
000024
004778
007028
005487
006882
005797
003483
005112
002374
003872
004982
004912
003283
002757
002782
006710
003393
000721
005251
006455
001320
001027
006047
007094
004936
004707
000135
005578
001650
003183
002343
004303
006998
003304
001878
003669
006239
001519
006087
006371
001335
004229
002548
007439
001404
000679
005221
001630
003307
003673
004698
005562
004706
000238
004650
001682
001810
002255
001619
003422
003327
007454
003685
003309
004759
000056
000551
003923
001908
005181
004262
006219
006150
006296
000111
004038
001637
003566
000863
002141
005515
005729
001445
001496
004900
006184
006627
005661
001583
005723
004681
002682
006652
005615
006684
000438
007147
007264
006823
005456
002081
004426
000548
006106
003082
004263
004264
004867
003701
000817
007167
007453
003971
003330
003206
005145
005854
001456
001512
002498
002969
004625
001959
007352
001681
000122
001411
005482
003350
007309
007430
005222
006943
002323
004334
005325
003711
007380
006654
004061
005500
002885
007199
006091
000270
003525
004289
006329
001397
000990
001730
005108
006572
001121
007072
003174
000684
000177
004214
007052
001740
001243
004599
005234
003245
002400
007114
001348
006419
002515
003921
005738
006405
003757
007148
000704
007458
005032
002943
003870
000491
000522
004987
002959
006356
002623
000997
005194
005058
003540
004866
005509
006326
004682
006477
007112
007452
004806
002044
007073
005048
005701
000798
002437
002796
000200
002801
004225
006108
003797
003659
003972
005587
005199
002078
005355
004470
004389
005786
002530
006418
003844
002035
005298
004983
004464
004482
000439
001986
002671
003513
000168
000716
002652
000693
000378
000675
006655
003004
003662
004195
001077
004545
003110
005948
005430
007248
003432
003869
002247
002666
000947
002829
006670
002911
003794
001745
001570
005544
000944
004792
000981
003273
006440
004914
004511
005637
000435
005504
005659
000005
002367
001665
005260
005821
001034
005709
007159
003703
001498
002723
004817
003769
001210
005270
000764
000935
005622
006135
005029
002834
006604
004615
005242
005367
005647
000029
000293
005165
003177
000611
005752
003524
001706
004172
002655
006930
001843
002169
006873
004578
002329
001621
005522
001899
005389
005380
000349
005554
001772
005954
004112
001047
006771
007411
005440
002312
001188
001780
005557
001182
000778
001462
004169
000384
005315
004910
003992
001219
005383
000102
005232
002091
002956
002897
004020
004611
007047
000914
000359
001505
005195
005223
000767
001955
003229
006411
003545
007274
002245
004736
004745
002881
006581
000036
006575
004377
006767
006362
006265
001885
004166
005496
006915
006647
000587
002480
006142
003495
006009
000072
000344
005174
006436
004076
000890
000476
000201
005301
001481
003008
004041
001273
004557
002427
005243
002396
000152
000277
002699
001591
000784
006675
002291
007428
006385
005132
000539
002040
003528
006309
005366
000958
003589
006186
005446
006831
000940
005100
006378
004948
005466
006985
007257
002792
001046
003490
006630
006704
001384
006264
006423
001323
001685
004937
003581
002268
003257
000012
000612
005412
005963
002490
007098
005756
002519
002057
007042
004649
005823
003054
003037
000082
003745
001336
005331
005055
001252
005605
002230
004339
002996
007424
001183
001208
002877
005931
003791
002074
005329
007210
003829
006748
005704
003724
002290
007466
000779
001166
005477
003099
003899
002408
001332
004267
005891
000095
004359
000732
002799
000099
003049
000874
002789
007281
004617
001578
004246
006342
002110
005264
007423
006054
005384
001329
006682
003929
002798
002029
002055
005846
006657
001124
004239
005345
001422
004695
005589
000555
002642
003277
002106
000389
004988
002140
006773
003140
004931
007244
001356
003984
000263
005747
006331
005433
004700
001546
005970
001980
000934
006144
002635
006999
007344
003868
004632
006196
003544
000857
003470
005480
001815
006884
005526
007008
000799
006236
006103
004885
004400
003139
002739
007081
006969
004573
002210
003561
001068
005711
001213
005478
000006
002395
006458
001061
006679
002302
000080
001726
006115
002065
006815
003326
004495
005585
000868
000448
002199
006883
000923
003095
002895
001197
000691
004570
003357
003675
001216
005725
005980
003194
001629
000100
006978
000927
004986
007009
001086
001428
004783
000765
004824
004017
002708
003600
001632
000630
007029
006817
007409
005692
002045
004775
004146
000828
004374
001135
005246
004158
001089
005323
001079
003389
002945
001958
004696
003597
003108
001374
003668
002573
001289
001891
003427
005447
000996
000288
003476
002648
004768
006218
000755
000696
001005
006774
005816
004872
006733
006398
005159
004668
005754
006226
005448
001874
002130
003583
002369
002240
001914
004316
000707
001111
007195
005004
000505
005343
005737
004581
001363
001448
002464
004013
007294
006813
001308
004518
000328
006574
003539
000595
005299
001916
003533
000319
004606
003743
005490
005528
000221
003657
002452
007170
003850
002287
003788
004618
002503
006499
000728
003207
000284
001542
001616
002179
005076
004006
000939
000454
007188
000697
005374
005524
005960
007432
007324
001605
001024
001388
004991
005545
005396
004850
000214
005538
004008
001319
006323
002469
001738
004004
003035
007268
003519
001594
005577
006020
001707
006981
006346
005670
003772
004633
005995
002420
006475
007141
000305
001566
002186
003034
001310
006263
007397
007416
003912
002192
000066
006498
000146
006784
006810
000361
000846
006188
004738
003672
002122
005261
007300
006197
000164
006234
000813
007342
000969
003646
000316
000614
004401
006148
006452
001080
001127
004587
004543
002791
006287
003137
001053
004151
005006
000290
003726
000190
006338
001893
003354
000895
004710
000792
003938
003016
005305
002067
005143
002551
000743
004471
005083
005939
005551
002628
002615
001430
001007
005763
000354
004788
000074
005594
001702
006123
006717
005567
001622
005656
005426
005210
001383
005566
000669
005689
003759
002392
000255
002681
007363
000472
005844
006005
004295
005084
000624
000674
004651
001442
000326
001536
000849
006070
007003
003806
005628
004465
006341
001338
002265
007386
000302
002767
003655
005730
000585
004638
000984
002617
005681
003387
006912
000713
003633
004296
007010
006004
004797
003109
003860
005293
005316
000268
002447
002590
004404
003469
000289
006275
001389
001195
005014
005591
007420
002687
001340
007215
000250
003215
003661
002749
002079
000027
006861
005054
000712
002475
005154
001467
004242
004496
002861
002898
002914
003702
007396
003019
002204
005595
004751
004676
004515
002525
004407
007001
005473
005977
001062
006541
003846
003843
006403
002351
002534
003351
000925
000379
006854
002988
006660
000167
005184
006023
002755
005413
000938
002596
000239
001518
002061
007222
001953
000416
003122
001675
002621
005059
007030
003848
001174
005868
002812
005998
003604
006035
000995
002174
003706
001429
006770
003010
002609
001564
002957
003263
004777
002718
003567
003384
007095
003341
005533
000180
004992
000680
002347
001873
005601
004508
005560
007260
003403
000011
001108
002745
006825
001646
002428
002495
004686
005411
004883
004245
005295
003937
001147
007184
004724
000418
003015
002404
005043
001285
001405
003878
000896
003767
006320
007057
005005
000514
006349
001507
001214
001091
005040
006067
002769
004382
004729
004677
005966
005120
000314
004661
004886
001589
003924
000187
004476
007243
000653
004184
004204
002702
004472
007088
005900
001551
000014
007464
004173
001936
005488
000613
005444
005982
004160
005257
005532
001625
001875
002083
001234
002454
003060
003963
001851
007102
001782
001232
002657
004947
000370
006802
007262
005596
001228
001881
006360
005140
002773
005197
004585
005883
002963
003062
000475
001692
006612
005957
003619
007407
007406
005351
000173
003213
002328
002285
004203
004737
003975
006963
000843
006335
002005
005333
003693
004579
003548
002335
005501
000373
000637
007231
005884
006442
004555
006146
005684
005031
002085
001945
002936
005498
003040
006849
002104
000861
000096
005397
001355
004185
001235
005322
000090
004124
005497
003738
004055
002761
004941
000891
006544
005741
001258
000058
007054
005563
004541
001379
003404
006086
003157
000377
003840
006916
006579
002939
004309
002308
003710
004776
006555
000872
004678
004140
004990
000237
006151
006533
002118
001889
002553
005790
007049
004412
001736
001260
004446
002706
003154
001470
002119
004096
006451
005141
004187
001209
002788
003251
003093
006705
004995
004546
001756
004588
002280
005624
001777
002159
003867
004711
005627
000181
004562
001759
006791
001359
007161
005804
006871
006482
005162
007333
001673
006851
003653
006260
001391
001710
001718
001274
003231
003159
000564
007444
004523
006099
001331
005742
005282
002148
004813
004779
006866
002660
007291
005268
005365
006006
006699
005927
002569
000573
007271
005117
002090
005017
005762
002753
006907
002605
000534
004300
001133
007132
001099
006363
004754
001382
002433
005719
002275
006983
005302
001050
000445
000560
000433
003865
006104
001901
001719
003676
003782
004000
001548
000279
001758
001167
004643
004212
002889
006206
002537
005788
000357
005307
002649
000681
004149
005492
002123
003433
007168
001069
006355
004444
002344
004454
002714
003335
001927
001861
003902
000635
005626
001149
000333
004413
001306
003857
007019
002188
001017
007135
002958
002364
006858
004862
004283
005620
004577
003795
000317
005778
000350
005073
001072
005186
005393
004785
006312
004399
006429
004362
001679
004376
007152
006377
005493
000461
004494
002669
000731
007211
006002
001860
002670
004909
002435
000563
005915
000854
005897
000211
003823
005203
003809
003559
003683
002252
003568
005837
000565
002373
002200
006522
006443
001715
006077
005822
007322
006028
005731
002121
000003
001487
000574
000523
007372
007382
002888
002477
006344
006437
007015
004763
002955
000829
000906
000524
007034
005666
005191
000889
001474
006601
002171
001688
005461
001535
000558
005009
007467
003366
002870
005219
005724
001432
000521
005263
006839
001120
002875
006409
006636
003002
001721
000000
005002
003001
000212
001547
004656
000047
003631
005937
004205
004064
004714
006407
005775
005193
006318
006345
003718
000436
002950
003892
007043
002916
002195
004533
000737
005955
004475
004565
000974
005561
000330
006136
003934
005183
006147
001225
007311
004524
005089
004879
005614
003957
000545
004260
001233
001173
003382
000913
002042
006628
002269
001952
004645
002266
003128
000527
001611
005491
003369
006554
005690
006617
000673
002390
003612
000033
003799
006249
006038
002831
002019
005826
005645
005474
000117
000001
005283
005847
002068
004131
005294
001290
002052
001612
006546
001760
007245
000794
002139
000973
005916
002125
007295
002063
002413
002602
000040
003966
003394
004137
005324
002516
005385
003339
000341
000692
006489
001573
005539
002209
004531
001399
006516
002856
001350
005912
002693
007105
001973
003069
000985
001248
006101
006925
001539
002320
003329
002582
000626
003239
003535
001514
003636
003895
002242
004892
001775
006420
005537
000342
003424
004835
006311
006502
003320
000516
001550
001298
001766
002903
000085
006463
002840
002124
007278
007384
007457
004417
007187
001081
006691
006893
006610
003594
001903
007166
006832
001421
004591
006090
002768
001805
004394
003119
005534
002307
006237
005236
006153
005356
006050
000733
006797
005318
005369
001092
004827
000686
004721
006390
001887
005664
006939
004005
004890
002616
000493
003692
006615
001134
002872
003284
000602
002689
002506
000918
002325
005675
003190
002802
000140
001136
001451
003500
002082
006967
003466
002279
001452
005308
003854
000541
005152
003717
000912
005311
002711
003200
000018
002258
002339
001741
006301
005771
001179
002688
001968
004726
004906
003406
007468
007035
006370
004087
007267
000701
004622
006722
003492
003841
004795
000504
000994
003939
007374
001928
004039
002165
001677
000396
000803
000325
004628
001482
003344
006626
005239
001907
006735
001946
004981
001623
003723
007474
004011
002727
002867
000428
003696
003025
000300
001850
006976
005188
005506
004371
000455
007335
003493
001998
000406
002720
005744
002281
006334
002402
003715
000240
000780
001176
005679
001806
000127
003270
000104
003949
007429
004200
002906
002836
003386
004070
000856
004878
002733
001991
006036
002619
000132
005349
004932
001205
001247
006059
002645
005652
001971
000091
003340
003042
006079
005767
001180
005819
000015
006776
002651
000600
005571
002409
002163
002873
004079
001833
007067
006072
006782
003942
007280
004640
006711
001995
002336
002484
006397
004674
002862
002890
002099
006214
003538
002073
006690
000276
005391
002158
004396
003498
000879
005529
003134
006754
005056
004178
001999
002155
006055
000158
001644
005390
001100
000834
004317
005124
003059
005164
002217
005896
002585
000391
002631
000824
001220
006788
006255
003156
002467
001341
001925
004619
004097
000345
004538
004103
003421
006697
005855
003920
006843
004877
006291
002643
006189
005606
005576
005703
003863
007005
004753
005604
002844
006545
000094
001123
004749
000375
007060
006246
001789
002382
006107
003188
002522
006591
002251
004708
004828
000116
006974
006662
002944
001009
002293
000822
000440
005158
005252
005947
000711
000605
003816
003451
006143
001021
006869
000297
005134
007415
002622
005106
004314
003564
007051
007185
005160
001327
003989
005795
003414
001563
002176
000983
005892
000075
004521
005663
005710
005214
000285
006785
004512
001150
001713
006523
001985
006478
003739
007308
001569
006159
001670
000884
007426
002658
005559
002842
007142
004365
000385
006594
001796
005580
004352
001330
007315
006926
000360
006372
004415
001109
001553
001345
005864
004174
003012
004612
004822
005777
006400
001152
000862
005674
005760
002713
003752
002157
003121
002417
005751
000953
002387
001500
007446
000919
001537
004072
003473
004019
002023
006368
001029
001849
003766
006837
001161
000404
006412
000636
005416
004517
004154
004199
002010
005925
004107
006840
004298
003790
005950
003163
006706
004844
004732
002865
006293
000705
000254
005658
005890
002685
002934
000451
006651
001597
000986
005660
006402
005125
000623
000831
005041
005853
000351
006842
003124
001315
005792
000559
002358
003720
001010
005857
005519
001585
004331
004919
000103
005999
000694
005348
005700
000887
006190
003380
000148
007189
004924
004963
006780
001794
006304
002153
000501
004923
001454
001019
003622
002571
006740
006027
004350
001555
007299
005424
000852
006379
000752
006886
002964
003833
005274
003960
006081
000220
005965
000372
004069
003090
005926
004733
005650
000724
003077
004959
001987
002559
004770
000745
006749
003103
000367
005238
007246
005791
003265
006950
003827
007144
001624
006262
002107
005984
004666
007007
000830
004150
002436
003198
001827
003455
000191
000269
004893
007014
000231
005163
001586
003983
000093
007364
003453
003043
003981
002730
006406
000147
006956
006580
004609
005469
006247
005450
001076
007037
000533
004308
000175
004117
003184
002178
006337
006995
000950
003654
001884
000791
006391
004332
004155
001193
006689
000946
006850
004758
000161
006024
006633
000310
004705
005070
002262
001130
001378
002835
004580
000312
000748
002114
000980
003205
000976
006427
003776
000742
006649
000228
001226
007011
006302
003271
006600
005427
005110
001831
001993
006876
005241
006989
006562
001119
007083
006015
004276
007096
001923
005045
002443
002853
002678
004542
003130
005558
002403
001251
004202
004921
001983
000172
000311
004648
002568
005642
007461
006954
000870
005834
000283
007334
005069
000892
001257
005131
006932
000019
003242
004552
007040
006587
005115
002860
006471
000820
005078
003053
000166
000750
001244
006947
005358
002756
007146
003018
006571
003420
000816
001343
003116
006098
004694
004419
002398
005453
000336
004490
000535
003158
007297
003680
000734
000458
002136
004135
001886
001626
006065
001798
006100
001567
003512
005952
000766
004458
005556
002457
002424
005432
004757
000789
006116
004595
002729
002012
003460
003115
006643
005259
005974
002056
002440
007190
002806
002331
004304
004277
003733
001521
000230
005347
005462
001162
005415
000769
000537
006827
000575
003489
006631
005592
005942
006013
002512
007351
006765
006383
001231
006111
002979
002378
003078
005748
000634
001609
002345
001755
005761
004063
006542
003588
004274
005898
004660
003467
003412
005284
002213
003687
003048
005000
006889
005541
007131
007275
001419
001821
001222
005310
006408
004218
000763
002455
001639
004015
000243
006042
005572
000442
006483
004966
002697
002845
002218
006093
006039
006250
001146
003793
000945
000871
006433
002311
005889
005513
002612
005881
007039
004540
006195
005414
002576
003579
003212
005435
002183
004478
000702
006369
005736
000025
002481
003725
005127
000930
001684
006589
005531
002564
003641
004082
003169
002781
003162
002758
001200
005851
005673
006460
004880
002030
006716
002077
002523
005438
004111
006961
004849
000805
004601
004575
002811
003623
002450
004387
006618
006807
005161
006325
006641
000134
002208
001708
002332
005003
000120
001468
005727
006613
001674
001864
002399
007069
002422
002306
005171
003056
004613
007323
001691
006501
004341
006924
006051
003862
001346
005687
004974
001385
005372
004720
004574
000423
002184
003396
003847
006566
003081
004176
002034
003798
000210
007287
005395
000544
000518
005976
004755
003967
001770
004980
000353
002024
006166
007469
002004
002984
000978
002084
006800
004364
001572
002383
001541
003241
005910
002508
006537
001054
000658
001526
002322
002502
001558
001844
000917
004679
004323
003375
007177
002134
000113
002778
003991
004395
003129
006973
001595
002453
006742
006351
003058
001199
007389
004459
000105
002236
005935
004461
003866
005377
001588
002588
002762
000035
004447
002488
002803
004766
003628
001015
003388
004253
001716
003626
004930
007263
002586
004820
006506
006118
005764
003948
002794
004354
001037
006917
003764
003973
007099
004874
004854
007173
007031
004258
004901
000840
004635
001322
004090
004397
000412
003728
005527
002430
001694
004939
000371
000486
005699
002891
005039
006199
000306
003450
000107
000046
006667
005271
004904
002824
001140
003127
003318
005107
000287
007070
004630
006942
000470
007419
000760
006702
004053
002232
007017
007234
006155
000408
003987
005229
005867
002661
003821
002960
000801
002980
004165
004256
007179
001342
006074
002278
001854
007337
007304
001278
004018
007258
000503
003197
006563
002817
006957
001326
004121
007381
003230
005420
003523
005417
004361
000002
004269
001014
002298
005599
002330
005721
002000
005458
000557
001381
003061
004363
005439
001917
004796
004074
003383
002397
006003
000648
006248
002700
005250
002468
003281
004307
007249
002565
000878
006192
005728
002244
000772
003855
000069
004142
002814
004058
005941
000632
000426
005833
000038
004227
006909
003461
002062
000346
005212
001164
003295
004247
002009
001008
005443
001117
002006
006805
004175
004527
001409
007473
003477
000071
002170
006001
001698
007269
002288
002098
003988
005399
006267
002721
002423
007087
007412
001151
000656
000873
007480
001261
003719
007228
000049
003634
007180
004642
004194
006857
005662
005806
002552
002129
006305
003677
006732
007218
001504
005815
006493
006392
003775
000561
004438
004976
003149
003017
005364
001396
002562
006075
003214
004372
002193
005512
003030
003947
004059
000138
007004
003186
005759
004793
006145
006300
003521
005481
007272
000932
000466
003807
005932
001909
001431
006281
000650
007224
001284
001668
007198
007376
005693
001181
001671
005169
005740
001256
006573
006242
006217
000627
006695
000468
006640
003569
000474
004838
001300
002982
000050
000133
000079
002677
000509
007326
001502
003896
004915
004251
003410
005548
002710
004506
000500
006504
003274
002967
005579
006131
001351
007285
002316
004012
004863
001013
007183
001423
006078
001965
005583
005253
000781
001705
001576
002501
001701
003443
006119
000008
000718
001006
004133
000666
000703
002172
001187
007006
006495
003468
006540
006725
007385
004728
002461
005694
004486
007107
006243
000972
006313
002674
002908
005882
002380
006169
001236
005064
001116
002575
002974
002059
001087
002133
001401
001727
001016
001788
006317
000859
003091
006552
000807
007026
000339
006593
004347
006520
001369
004620
004958
005201
004045
001795
001574
004436
001466
001768
004088
006703
002533
002197
000026
000617
003922
000811
001376
007128
002608
000144
001761
001779
004455
005507
001148
001523
003897
004437
000832
007456
004273
001057
006891
000926
004016
005291
002893
003024
007153
006992
007422
001651
004680
006608
003699
004052
000645
000057
006913
007053
007293
007302
004249
001582
002770
001129
005849
000139
006000
003959
000508
000419
002093
001264
002493
005961
003117
001503
002018
001868
005802
004297
002222
001676
005144
004830
005227
004485
000251
003028
000462
005400
006339
000242
000625
003771
004313
000032
001737
003191
005776
003021
001012
003570
003367
004814
001406
005618
002126
001459
000844
005230
005869
004832
000885
004535
000304
004423
004196
004855
003590
006964
005582
007024
001044
002760
003299
006577
007356
000298
003599
002557
001433
004839
000195
002181
004525
004964
006179
004342
007206
004718
002830
006730
000753
000709
004023
000294
006167
004033
003741
004161
002647
002297
004774
001579
003516
002248
003746
005019
003225
002857
004929
002852
004653
005685
002446
005051
000685
004351
005061
005923
004049
000941
001366
001493
005153
005905
001132
003385
000698
005128
007129
001846
006656
004954
006308
003399
001513
002975
005716
004255
003627
004355
003312
003709
003893
001067
003407
003730
005007
006266
003196
005542
001683
001769
001003
003372
006559
006634
000153
002267
004571
001617
004380
005344
006173
000768
005774
000618
000568
005079
007154
003780
002489
005669
005378
006659
003915
001368
004259
005630
006737
000126
001693
002656
001486
002272
000443
003472
002337
001288
002869
007346
006052
003026
002299
007137
003787
002532
000676
005616
000782
003272
001058
005068
004281
006535
002377
002859
002987
000395
002300
000410
001110
005403
000420
002611
004477
002355
002949
000952
002471
003760
003527
006751
003818
004742
006664
006386
000272
006295
006389
000668
000070
001610
000197
006796
006097
005600
006364
002164
006578
002445
000399
006868
006444
003240
002386
003825
003234
004657
000880
000762
004537
001904
002933
004129
004530
006102
001816
006646
007368
006683
001344
007359
004220
000362
007134
004429
000966
005080
007410
004326
004647
005930
001425
004807
006082
000609
006205
002492
005042
001312
005328
007193
005981
004731
005988
006673
003014
006721
003088
003919
002228
004944
004888
002833
007136
003439
002100
003279
002321
000224
003536
002120
006677
003763
006480
007149
007418
003409
005313
004370
002054
006846
006775
005876
003877
001754
002161
002846
003238
000394
000453
004550
003368
004474
007282
006048
001403
003323
002887
004594
004739
002449
004292
000347
000670
002886
006240
007071
007265
001418
001882
006459
005593
000536
007121
003480
006211
005809
006543
002494
002109
005989
004257
000631
001215
000415
006556
006160
000487
000883
006034
002439
001520
000078
001324
006491
005698
001577
001361
002732
005536
002486
006592
004998
007145
003052
006860
002371
001666
007059
007090
004789
001836
007349
006687
000143
002904
006936
000447
007290
000460
006212
006525
001497
000987
005983
000021
002362
005885
000432
004999
006597
001883
007065
000580
003102
006623
004115
003551
006454
003874
005408
000853
005370
000596
005746
007063
002441
003171
002333
002990
001239
006914
004266
004703
000481
006282
000495
001734
002866
006448
002173
007027
005077
000808
003071
004740
002283
004823
006271
000048
005357
001413
003464
000400
004510
004664
002563
002882
004870
003352
000959
005166
006449
002764
000097
004375
005020
005502
000515
002938
005612
007202
003300
004383
002952
002097
005147
001709
005360
005028
002763
005368
000858
001974
001272
001189
002968
006872
007050
003193
003652
002327
000208
003289
002007
003255
001731
004589
005668
005421
002851
006753
003927
005922
000723
002574
002675
003995
007434
000084
003811
002388
006395
002696
006324
006803
002238
004593
001711
004670
003819
007226
004903
004858
003192
000616
001440
003087
007074
007055
002167
004094
003910
007160
000386
005071
003625
001480
007354
005782
001472
002102
004501
002483
000137
001475
007023
003317
002808
000065
001373
000249
005780
001841
005895
006826
001771
002507
006728
004687
001184
006488
002459
003223
005402
000365
002593
005472
006235
007341
000471
001888
006162
002726
002521
007140
002086
000597
004861
006801
002162
002277
001556
006585
006012
000606
006288
003712
001813
005887
004248
003262
002152
006564
007058
004084
002115
002474
004673
005629
002549
000785
006174
004865
001052
004302
003603
006935
003729
003977
004110
004500
004156
006031
004379
000835
005940
004765
006441
003361
000866
005465
003415
006653
004051
004716
006286
003933
007447
004690
003346
002910
006693
000286
001230
007391
000708
003371
001900
006510
003665
003990
005547
004683
000266
000170
001607
001828
004440
002626
004040
006112
002629
000956
003293
000910
005047
002053
000207
001618
002698
007238
004659
001932
001792
003426
002546
004956
003332
000356
000488
005202
004532
003852
005278
000546
005405
004014
005734
006952
001829
001458
006885
002463
006929
001103
006714
004487
007343
001994
003748
003463
004784
003457
002261
006280
006736
003033
004197
006980
002880
004434
003944
003546
002752
006908
003057
000802
005743
000194
004834
002128
001750
001852
000739
003640
003928
001362
001446
001267
000604
001041
006238
002466
005449
004293
005173
004626
005749
004623
004210
003598
002352
006177
000567
005101
005008
005523
001292
000638
002103
002101
005342
000507
006033
005123
001735
005015
005540
001641
002292
004492
005829
004101
003381
006152
003094
004665
004938
005805
004479
002728
002070
002627
006069
002795
001113
004420
006900
003259
000295
003203
007158
003210
006609
005871
003962
000838
003606
001938
002215
004431
003554
002784
000647
001464
003065
006010
002737
000608
000603
004211
000790
003756
002894
000112
006354
005810
004333
005320
006867
003287
002201
005148
001975
004243
003022
003582
007124
002127
004722
000576
001703
006946
006975
003167
006762
003264
007143
007089
002381
001395
004566
002069
002640
000225
000578
003974
002229
006672
002235
007298
005718
003248
007472
004136
001131
001529
006472
004027
006474
001229
000979
006157
004805
000067
004629
004089
005888
001126
004610
005874
004829
005034
007213
003454
007345
004704
004891
002668
002665
005133
002636
005116
005499
007165
004962
000677
004290
005489
001281
006661
002584
004603
005455
000905
002295
007353
005880
001436
001528
005655
002211
003113
006560
005067
000921
006639
000109
006847
000068
005025
005085
005388
001746
001296
002570
003904
000393
001218
006426
002905
001307
006121
000818
002356
000787
001892
000897
003905
003832
005479
001920
006276
005546
005178
000324
002393
004744
001545
003913
006945
003211
006671
001812
003000
005997
002899
001358
003961
004032
007377
000920
001276
005842
000864
001277
003980
007392
003727
003553
001931
002864
001465
007046
001473
003549
005135
005038
002566
006124
004917
002394
004234
000775
002746
004312
003704
004801
006500
000900
006809
006447
005269
003839
003804
000497
005016
007252
004528
004409
000971
006934
000456
006350
003803
005555
004634
001954
005129
000184
003316
002703
005830
001948
001804
005845
003456
006479
006906
004717
007395
001835
000622
006156
005877
000118
001071
000855
005425
000720
001270
006257
003261
002683
001011
004568
004366
000323
005094
005387
006259
004927
000590
003943
006178
004367
005862
002462
005406
000457
001808
004068
004360
000437
002412
001687
002511
005838
004857
005518
002520
003353
004693
001316
002884
000101
002207
002780
005919
006738
001966
000982
003842
000569
001506
003006
003517
004790
001686
003160
002822
000424
004655
003575
001168
003068
005018
000579
002470
000223
005137
006025
000761
006096
003173
007119
003085
007091
004261
005938
003744
000687
002962
005035
005023
004215
007462
003256
006576
005381
004889
005798
001000
007076
002587
002015
005209
003885
002926
007092
007330
002132
004392
000213
003595
003587
005899
000282
004075
000825
002991
004282
005442
006553
005190
007250
005525
007247
003573
002927
004672
004787
005994
001648
000031
006453
007388
004816
005049
003611
004513
007460
002793
002513
004684
003861
007133
003135
007086
007045
000352
004031
001912
003013
006744
001817
002032
000464
005617
004284
001568
001918
003164
005584
005494
005126
001557
005503
005281
003858
006352
001254
006374
006110
001114
003161
005843
005654
007075
004421
000004
000178
000706
006586
001940
002051
001450
007240
007033
003849
000489
005382
000847
000549
001880
002738
001075
000292
001838
007227
000382
001043
002284
003574
000017
003083
003689
000943
004171
000245
001667
003550
003526
001697
005436
005574
000649
000965
005814
006424
002707
003209
001695
003011
000209
005921
003903
003875
002528
001082
000860
003716
003740
005695
002606
001339
003537
001774
004170
001580
006061
006766
003916
005953
003345
003055
006828
006183
003237
004598
006977
001943
002673
002774
003076
003707
007316
004713
001370
006786
006948
004547
007358
003773
007241
001549
004104
000730
006073
002411
004318
005818
006583
005638
002478
002289
007348
001299
006526
006232
000601
004979
005908
003136
005179
002108
000334
007125
002580
003226
003165
005290
002341
001334
007169
000236
000543
007066
007020
001048
003032
002742
001530
003830
004034
001902
005228
004548
000114
001757
001913
003150
002624
003290
005813
007373
002313
001125
003969
000654
003479
005739
003342
001039
003152
002033
000937
006045
004066
006130
006014
005832
006496
006549
007120
003762
001271
007230
006795
006750
007223
004473
007232
001863
005119
004232
002401
004529
004193
002442
001996
000296
001890
005820
002524
000162
006018
004021
001163
004056
006041
000771
002510
007394
004895
004567
001138
006994
005157
004388
005476
003663
000738
002303
000583
001144
000530
007470
005363
006221
002037
000571
003651
005828
007255
000881
000227
002997
006508
006133
001253
001978
001112
002994
005428
000955
004206
005770
001941
004502
005386
002805
006384
006997
000051
000867
004871
005423
001897
001426
002349
003267
007172
004605
006180
001939
001732
006772
004280
001190
002366
005340
004641
002013
003697
005037
007080
003363
003189
006741
006713
006487
002555
004504
003218
007117
003670
004209
007286
004405
005027
002776
005964
006979
002270
002947
002496
003932
000933
004943
004669
001662
001479
003364
002558
002577
002168
003586
004386
004945
000077
005233
007171
001018
004764
005467
000136
007104
005296
002016
003039
002479
001826
004123
006381
002641
002951
005090
003565
003859
000977
006829
005371
005437
004418
000061
004970
006927
005118
007427
004270
001141
007078
006524
006333
003515
004325
005850
003722
006469
006016
007398
002719
001365
007357
004048
004685
006752
006783
001989
000425
000123
003765
000086
007289
003890
006692
000278
006105
005726
002448
000869
005722
007306
007371
006394
004671
005287
000689
002854
005033
002930
003618
006536
004402
005280
004808
002473
006731
006340
000629
000550
003644
002370
006140
002414
003243
002948
001023
005187
005237
005114
003073
003563
001118
000547
005245
003831
002981
001002
003431
004207
003909
003133
004252
003458
004288
001689
006476
003952
000459
004572
000280
006624
001250
002472
007279
006557
002653
000142
002117
004826
000421
004549
006727
005267
000417
003321
003520
007219
006357
004586
006901
004841
000517
002591
003617
006855
001680
002094
003682
005597
002526
002787
002876
007448
002190
005956
003761
004024
002731
000106
002539
006602
006327
007103
000542
000171
005623
001084
001485
002705
006686
006808
007106
004782
001781
005894
005913
000901
007237
004047
004224
001728
001935
004320
006486
003620
007113
000584
004428
002545
003153
000452
003324
000652
003835
005946
002022
003067
002694
001663
006911
001269
003656
002357
005765
005189
001540
006739
003260
001767
000198
002020
000948
004614
004369
000904
002654
007191
000030
003105
006154
000806
000774
003876
000444
003879
002995
007350
007079
007338
001095
001866
006568
005886
003647
001353
001303
003362
002977
003075
005590
007048
000644
002026
002500
000499
006836
001217
005717
003986
004343
002716
000662
004662
005696
004001
001280
003805
007288
005012
006991
003695
006229
000129
003510
005914
004667
000640
004881
004916
006768
002031
002848
005510
005095
003684
001744
002679
003086
004188
004373
005603
005452
003301
006461
002415
007212
006269
004973
005959
006757
004337
000174
006898
003509
006518
005602
005273
005292
004275
001527
003930
004345
002264
000746
000150
001957
004118
004592
006138
003063
002092
002544
003543
003667
002639
003336
006511
000407
004918
001933
002432
000203
004968
005714
004825
001984
002276
006410
005672
001302
004086
002695
004654
005422
002839
005753
006507
003541
003630
003681
003501
006319
006875
006607
001778
003678
005812
007273
005840
001202
005072
004122
003557
005552
005177
004875
004905
001797
002017
001508
003444
006328
007408
001030
004100
003828
001439
007130
000041
005772
005794
002294
003596
004177
001211
003175
005277
003459
005875
001154
004544
004636
004294
003571
006284
001655
003276
005817
003478
001059
003098
003031
004997
003440
000218
001972
004811
003789
002304
000714
004534
003649
004800
004949
004108
005943
004561
004435
007442
002592
000960
005149
001354
004946
004272
003511
000253
002572
007200
000402
005646
001803
000886
000592
006181
003542
002800
001380
006210
001038
001488
000909
000358
000989
006202
004637
006332
003101
002043
004114
002434
004168
002922
000665
006066
004761
006688
006321
006941
002583
002263
000479
003178
000655
001919
003314
001004
001877
003181
007390
001314
006931
002567
001818
005192
002736
005588
001977
007451
002360
005517
004604
000043
007259
002965
005335
000788
001510
004452
006365
000621
006457
007068
004125
006877
001653
000991
000589
005543
006708
002838
004189
005457
002460
004060
006680
004602
006982
000876
002144
001699
001848
001435
005879
000888
002966
006970
000076
000975
002917
006841
006244
001495
001743
005789
000998
006492
005715
002273
007016
006438
005688
007174
005958
000532
002497
006887
000719
005550
005750
001876
004756
004896
001055
007138
001033
003815
006938
002143
003475
005062
003322
006745
007370
006863
005803
001268
001704
007022
001357
001976
000928
001834
003172
002871
002724
006694
000301
004315
001371
003365
005086
002418
005454
002610
002772
002058
004960
003448
006678
004134
001608
005779
004748
002632
002935
005122
003441
007156
006043
003900
007270
006790
005852
004219
007361
006746
002560
000581
005198
003964
004972
001811
001517
001600
007312
003131
000478
000338
004238
005635
006019
005581
000044
002212
002810
003202
007203
000157
005168
002239
005258
001964
001696
006880
005468
006993
006551
006761
006527
002825
003481
003906
000098
000039
004439
000383
006830
007437
003224
000526
006529
006990
000525
000183
000473
001593
006373
006764
003047
004965
004509
007162
001590
005608
004488
002932
004163
005463
003148
004030
001633
006521
000951
003064
004190
007163
004181
000520
004608
004254
007369
002874
001870
001723
005350
001143
005677
004080
000741
002823
004062
006254
005207
006892
002765
000232
001784
003343
003547
003334
006216
002589
003138
006434
005276
006431
004340
001349
006798
006666
004191
006530
003491
002929
000130
003359
002385
004344
000088
005398
006040
004208
005634
003308
006794
001360
007301
004037
004984
001263
004167
000275
000954
005949
002598
003593
005409
000465
007317
006343
006307
004279
002046
002203
006514
001733
000205
003009
004240
003413
001328
006881
004481
000219
003418
006955
005996
000401
001377
006084
001294
004328
001970
004977
001981
006241
004462
006838
000307
004198
005648
000821
007365
003258
003532
002220
004085
000814
005484
007097
004864
000667
000494
003349
006903
005733
004953
004244
002249
002531
000081
005839
005088
006821
006353
004226
004306
002426
007056
005781
006620
003319
002599
005464
005671
002747
002509
002970
004410
001587
001259
007239
006648
005909
005485
002451
002735
004697
004730
003066
004882
006283
004126
002182
002485
003838
000498
003328
004460
006222
004042
001656
003027
003658
002786
004007
001375
005155
007251
002925
003147
003445
002850
003639
000970
003742
005962
003883
004712
005256
000725
006644
003774
001672
003392
001367
001522
003506
004957
002816
003185
003935
006026
006565
005052
002137
004003
001559
001223
002892
001823
003836
006253
002028
001865
004311
007477
003786
006547
003688
005104
002338
007331
004217
000165
000538
000233
004853
004955
002748
006095
000125
002111
000992
004802
005811
000315
004378
001311
000727
006505
000770
006512
004186
006198
002600
000271
000826
005317
000189
000582
001287
005800
007036
005992
003837
007399
003405
004449
007093
002717
000092
005793
002166
003529
006698
002983
005182
006958
006658
003607
000929
002879
001921
004443
001700
001266
003737
005985
007044
000591
000256
005013
006685
000366
006088
003584
001240
006359
002797
003292
004180
006245
001455
003486
002712
006201
003591
002536
002243
007303
006058
002604
004057
003347
001638
000273
002940
006824
006134
007379
007387
001969
005231
003580
000291
004723
000845
006439
000274
005735
006172
005375
000726
005081
007192
003698
001490
005445
004425
001785
001603
000192
004507
000836
003249
000037
003338
007325
003132
005757
003497
001097
003029
004468
003796
004250
005511
002918
000119
002826
002809
002154
003577
003166
005235
003485
003950
000083
001255
000993
001221
006570
004996
000392
005979
003514
001748
006414
005911
003107
004463
007100
004560
006598
003437
000059
004406
003120
002847
000053
005505
005176
006089
006165
003609
001469
007175
005279
005099
004786
003560
007041
002978
005321
007225
006297
006986
002296
000235
004702
007305
007236
001198
005520
007217
000502
001275
006595
005683
002883
006209
007431
005240
003954
007366
007233
005799
006382
001001
000009
004179
001056
006528
002691
001078
005175
001441
007123
000182
001859
000793
000257
004810
004908
000893
006132
000313
000506
004627
001858
005856
007413
007441
002365
002535
006114
003398
000690
001453
000145
006494
003232
004271
004497
004847
007118
001305
001283
006127
003601
000562
006718
006701
006278
006632
000577
004818
001658
001238
005092
006251
004310
000355
005036
003038
003713
003814
001122
006937
002047
000121
003337
001066
007150
002985
003936
005306
003629
000749
001640
007201
001635
001337
004539
007220
007313
003442
000431
003036
001764
003221
001534
000222
002750
000754
002971
001139
002175
003447
003416
006225
000258
003072
002595
007085
001032
005641
007347
004639
006113
002828
005226
003556
002476
003236
006834
004451
004411
001934
005475
003092
004646
002843
003310
003645
004183
006404
001657
006322
001196
004951
000060
006277
007164
005451
004384
002527
003331
000999
007332
007181
003926
006806
002734
005928
001159
003041
000215
002909
002504
001387
004456
002326
006769
001142
000267
002234
003982
002116
004621
004942
003979
005755
005972
001096
005082
000572
000531
004769
004689
000374
001438
003822
007336
001477
003918
006584
004265
000034
001819
004799
001443
001762
004752
006422
004845
006781
000628
002578
006674
004794
005653
004952
000063
001960
001937
002087
002221
003378
001511
006185
000141
000663
004920
005459
002620
003356
004078
003187
005312
000202
001820
001929
000812
003508
004950
005297
005697
006531
000804
006465
006170
004157
005431
001318
001484
006558
005978
001070
001492
002686
003411
004750
004358
003227
001427
001085
000343
003585
002919
005200
006603
007283
000020
002257
000131
000318
001906
006865
004036
000321
000556
001031
004201
006723
002634
005170
004291
006848
003146
001494
002644
004301
006642
003373
003118
001751
000264
006432
005824
006902
002202
003482
005893
004346
001869
001926
000729
001543
001898
005713
003020
006534
004741
006076
001185
004837
001194
002766
004356
004028
002676
003808
006637
006224
002324
006298
000786
003881
003642
001364
001729
001094
000916
003402
001752
006588
002375
001628
003691
006953
004073
001063
005275
005093
006109
005621
005113
004152
002342
003914
006779
003390
004935
007122
004144
005215
004046
006569
001049
000252
007235
003664
002286
005917
002315
007197
007329
006290
001661
002241
005785
005376
003958
004833
001532
005640
001295
005904
006799
004221
006164
001169
005686
005392
000657
005745
000942
002920
003446
001967
006310
007151
000022
003925
000398
007276
001950
004319
005225
005631
002072
001867
001824
006289
006011
005336
002818
007101
006149
003423
007478
002003
003496
003179
001814
006462
001565
003180
006792
000795
000833
006481
001478
005359
003643
005285
004804
006122
004143
003898
001172
001036
004287
001872
003106
005530
004162
004268
006696
006361
002198
004773
006550
005053
006175
002246
003731
000450
003785
000196
007216
005907
000154
001856
001832
004809
001262
004050
005968
001896
000528
006812
006561
001790
004093
001787
000751
005768
001104
003254
006425
001942
005831
003176
003800
005619
002066
001476
005766
003531
002214
007292
005139
004432
000429
006032
004771
004098
002274
002603
005535
007061
006635
005863
001105
002354
001386
006971
006125
003114
005087
006139
001598
003313
006428
003578
004235
004491
006029
005470
002923
001352
005418
001712
000961
004009
001372
004403
004978
000156
000615
005639
000672
003779
001128
000759
002310
002790
005986
006163
003291
002196
006037
003400
000851
000260
000446
005920
001830
006450
003708
003201
007064
002456
006473
006755
004054
005065
001613
002060
006435
006629
004911
001992
006726
000643
002858
006972
001437
004584
006517
002348
005971
001988
002896
001325
001739
005651
003474
000340
003494
005801
001224
005255
002318
001509
004760
004848
001090
003074
001722
006415
003070
005102
001420
007403
006921
004466
001035
000376
005575
005217
001997
007319
003945
004554
007182
000265
002254
006294
003247
005924
005136
003125
005434
003605
006336
000646
002150
000715
005827
006933
004803
001714
002821
005224
000682
000519
001499
002946
003901
000915
007362
000199
001524
007082
002487
006778
001654
007254
004416
002227
006208
006470
006719
004139
003817
001604
006567
002902
003219
000108
006515
005096
004213
000073
004840
003217
002363
001584
000678
000226
006366
002849
000169
005936
003747
002561
005185
006085
002095
001963
003880
004153
004391
000588
004489
007465
003195
001153
005404
000281
005022
005678
002837
001170
002692
001424
002317
005354
004348
005130
002389
006191
003145
007186
002993
007178
005951
001206
003401
005379
003671
001783
000639
004907
002138
003144
003853
001186
006743
005676
003770
007127
005680
006129
003985
005216
004519
003465
005902
000717
003650
001793
001809
002542
004338
004029
000949
004147
001862
002646
003694
006299
007401
000151
002607
003003
002740
000485
005708
001157
002131
001073
003758
003965
004130
001516
005244
004922
000483
002071
002113
002282
003286
006063
007109
002080
003714
002425
001660
007214
001571
000160
004022
002921
004815
005933
005516
006497
001444
007253
004043
000217
005180
003911
007018
001643
003592
006158
000052
006021
001390
000229
003887
003417
004836
003686
001407
001642
004691
002725
004148
004368
005636
000850
005657
006895
005866
003813
005254
006962
003462
000809
006896
006176
002594
000815
001491
002664
005564
003429
006347
003315
001525
004514
001949
006303
001911
004699
007479
004798
005057
003306
004644
002832
004558
003970
005848
004860
004414
005973
002271
000115
002309
003801
007261
004442
003864
004077
002663
003266
003615
002346
006062
006171
002027
001045
000247
004596
000159
003751
001392
003882
002538
005334
001561
004852
000710
006611
002050
000841
006413
006273
005266
006204
002379
004522
000155
007459
006707
001982
005565
001501
004236
000013
007393
001177
005705
003079
004767
006220
006845
002759
003408
003802
006928
001414
006920
002953
004299
002216
006818
001471
001279
003089
002361
003820
003288
006988
005265
002777
002630
001060
007208
003298
001291
004994
006747
003126
004025
006676
005001
003303
005460
004772
004065
005732
004631
005649
002518
006548
001690
002458
002259
005841
004422
003552
002359
004357
001659
001155
004484
003705
001416
007116
004231
006261
005471
004498
006874
002319
000773
000740
001791
005373
000553
000204
005945
006878
005613
005929
005906
002147
000661
004842
001026
002038
005247
005808
005339
000962
001599
004821
002771
000246
003534
006519
006944
004092
006582
004109
003348
000369
005508
005712
000683
003268
002672
003956
006596
005825
000441
000007
002901
005410
005969
006230
002942
006966
001212
001415
001915
005407
001634
004127
003395
000110
000176
007438
000387
006064
000337
000671
002505
003123
006315
001652
001645
004553
002049
007012
001842
003674
002514
007139
000641
004192
001717
006490
000848
001560
000411
000827
006430
007021
005993
002438
005586
003998
004390
000810
006951
007307
002301
006053
001317
006416
005341
000510
005330
001402
004516
000482
000016
001825
004467
002751
000348
000308
000023
006681
002180
004120
005990
000735
003096
004237
001020
006700
003824
003768
000823
005309
003851
003894
003080
003978
000619
006007
003845
000186
003735
005944
006200
003621
006758
004590
000903
006879
003648
004335
006960
005859
003968
006401
005050
002011
005074
004831
000363
003007
001115
006022
003884
001158
003624
007002
000911
004887
002064
002907
000660
003168
004556
006853
000540
000087
001620
003097
001160
002529
005569
003471
006663
005975
003220
007157
004600
006709
004569
002900
002353
005353
004116
003576
001201
007194
006984
005858
007115
005873
002998
003305
002224
006421
005836
007310
004520
000054
003244
003296
003834
004692
000430
000757
006083
000089
002804
001871
001297
001242
004812
003425
000902
006616
001592
005300
007242
002001
005784
005060
000877
006193
005609
001286
002410
004551
003941
006231
004222
006215
000699
005702
002543
002581
000963
001538
001408
001347
003504
002048
001042
004398
000651
004940
006485
003325
000409
001531
006056
006763
007321
004026
000839
006804
007425
000185
000513
005098
005172
007277
001544
002226
002992
006918
005021
005011
002912
004781
006870
002541
000736
001763
002540
000586
001107
006375
003908
004493
003216
003755
003199
007229
003871
001515
000422
003503
000756
001065
004067
003783
006120
002250
004433
003784
000188
005783
000380
002036
004424
006194
006922
006399
001724
001554
000259
006910
005667
006446
002667
000552
005151
007475
007314
004071
006669
005111
005514
007284
001088
006126
002429
006862
004719
001845
002650
002002
002135
001417
003917
000490
005272
000968
003781
005208
005103
006905
002704
003377
000722
000529
001944
006258
006509
004746
000322
003397
003946
007256
005807
001460
004119
007110
000390
001449
006814
005026
005220
000512
001669
002021
002701
004182
006316
007196
003608
006756
000566
000405
002775
006987
002405
002597
003155
002973
004035
002185
007318
001457
000010
004913
002076
004448
006605
001137
001800
002744
002517
001601
005304
005987
004228
004223
000414
002205
001483
006996
000042
004081
002142
004095
004989
003996
001098
001799
004975
005361
002089
002350
006852
005121
002743
000241
003700
000193
006819
004715
003826
004499
000800
006949
001028
001304
001102
001156
003993
004725
005720
001313
004873
006387
002407
002618
003370
003045
001064
004102
007077
007449
002827
005030
004526
001282
006137
005598
001947
002039
000303
002231
002547
005213
001175
003360
000688
005138
006899
000496
006622
000898
004735
006071
007327
005682
002819
006223
003562
003679
000899
001636
003518
006859
007296
002741
001956
004457
005156
004934
000062
003253
006619
003721
001237
002237
003379
001447
004336
004859
006330
004408
001606
003666
000469
002878
006274
001333
006484
001106
007339
006060
005401
000403
000248
006272
001178
003638
002841
004349
004322
007320
006816
003732
003951
001631
005573
006904
004445
006724
004843
001839
006380
007038
003285
000381
006890
002372
003810
006789
000554
005044
002954
002419
003997
007471
007111
003940
006017
001191
005495
004083
003777
007417
007355
004607
005109
006625
004141
007405
006835
001720
005611
003610
003235
006760
004441
002659
006358
000747
001678
007207